CUDA initialized.

Matrix A
  0.03   0.06   0.09   0.12   0.16   0.19   0.22   0.25   0.28   0.31   0.34   0.38   0.41   0.44   0.47   0.50   0.53   0.56   0.59   0.62   0.66   0.69   0.72   0.75   0.78   0.81   0.84   0.88   0.91   0.94   0.97   1.00 
  0.06   0.12   0.19   0.25   0.31   0.38   0.44   0.50   0.56   0.62   0.69   0.75   0.81   0.88   0.94   1.00   1.06   1.12   1.19   1.25   1.31   1.38   1.44   1.50   1.56   1.62   1.69   1.75   1.81   1.88   1.94   2.00 
  0.09   0.19   0.28   0.38   0.47   0.56   0.66   0.75   0.84   0.94   1.03   1.12   1.22   1.31   1.41   1.50   1.59   1.69   1.78   1.88   1.97   2.06   2.16   2.25   2.34   2.44   2.53   2.62   2.72   2.81   2.91   3.00 
  0.12   0.25   0.38   0.50   0.62   0.75   0.88   1.00   1.12   1.25   1.38   1.50   1.62   1.75   1.88   2.00   2.12   2.25   2.38   2.50   2.62   2.75   2.88   3.00   3.12   3.25   3.38   3.50   3.62   3.75   3.88   4.00 
  0.16   0.31   0.47   0.62   0.78   0.94   1.09   1.25   1.41   1.56   1.72   1.88   2.03   2.19   2.34   2.50   2.66   2.81   2.97   3.12   3.28   3.44   3.59   3.75   3.91   4.06   4.22   4.38   4.53   4.69   4.84   5.00 
  0.19   0.38   0.56   0.75   0.94   1.12   1.31   1.50   1.69   1.88   2.06   2.25   2.44   2.62   2.81   3.00   3.19   3.38   3.56   3.75   3.94   4.12   4.31   4.50   4.69   4.88   5.06   5.25   5.44   5.62   5.81   6.00 
  0.22   0.44   0.66   0.88   1.09   1.31   1.53   1.75   1.97   2.19   2.41   2.62   2.84   3.06   3.28   3.50   3.72   3.94   4.16   4.38   4.59   4.81   5.03   5.25   5.47   5.69   5.91   6.12   6.34   6.56   6.78   7.00 
  0.25   0.50   0.75   1.00   1.25   1.50   1.75   2.00   2.25   2.50   2.75   3.00   3.25   3.50   3.75   4.00   4.25   4.50   4.75   5.00   5.25   5.50   5.75   6.00   6.25   6.50   6.75   7.00   7.25   7.50   7.75   8.00 
  0.28   0.56   0.84   1.12   1.41   1.69   1.97   2.25   2.53   2.81   3.09   3.38   3.66   3.94   4.22   4.50   4.78   5.06   5.34   5.62   5.91   6.19   6.47   6.75   7.03   7.31   7.59   7.88   8.16   8.44   8.72   9.00 
  0.31   0.62   0.94   1.25   1.56   1.88   2.19   2.50   2.81   3.12   3.44   3.75   4.06   4.38   4.69   5.00   5.31   5.62   5.94   6.25   6.56   6.88   7.19   7.50   7.81   8.12   8.44   8.75   9.06   9.38   9.69  10.00 
  0.34   0.69   1.03   1.38   1.72   2.06   2.41   2.75   3.09   3.44   3.78   4.12   4.47   4.81   5.16   5.50   5.84   6.19   6.53   6.88   7.22   7.56   7.91   8.25   8.59   8.94   9.28   9.62   9.97  10.31  10.66  11.00 
  0.38   0.75   1.12   1.50   1.88   2.25   2.62   3.00   3.38   3.75   4.12   4.50   4.88   5.25   5.62   6.00   6.38   6.75   7.12   7.50   7.88   8.25   8.62   9.00   9.38   9.75  10.12  10.50  10.88  11.25  11.62  12.00 
  0.41   0.81   1.22   1.62   2.03   2.44   2.84   3.25   3.66   4.06   4.47   4.88   5.28   5.69   6.09   6.50   6.91   7.31   7.72   8.12   8.53   8.94   9.34   9.75  10.16  10.56  10.97  11.38  11.78  12.19  12.59  13.00 
  0.44   0.88   1.31   1.75   2.19   2.62   3.06   3.50   3.94   4.38   4.81   5.25   5.69   6.12   6.56   7.00   7.44   7.88   8.31   8.75   9.19   9.62  10.06  10.50  10.94  11.38  11.81  12.25  12.69  13.12  13.56  14.00 
  0.47   0.94   1.41   1.88   2.34   2.81   3.28   3.75   4.22   4.69   5.16   5.62   6.09   6.56   7.03   7.50   7.97   8.44   8.91   9.38   9.84  10.31  10.78  11.25  11.72  12.19  12.66  13.12  13.59  14.06  14.53  15.00 
  0.50   1.00   1.50   2.00   2.50   3.00   3.50   4.00   4.50   5.00   5.50   6.00   6.50   7.00   7.50   8.00   8.50   9.00   9.50  10.00  10.50  11.00  11.50  12.00  12.50  13.00  13.50  14.00  14.50  15.00  15.50  16.00 
  0.53   1.06   1.59   2.12   2.66   3.19   3.72   4.25   4.78   5.31   5.84   6.38   6.91   7.44   7.97   8.50   9.03   9.56  10.09  10.62  11.16  11.69  12.22  12.75  13.28  13.81  14.34  14.88  15.41  15.94  16.47  17.00 
  0.56   1.12   1.69   2.25   2.81   3.38   3.94   4.50   5.06   5.62   6.19   6.75   7.31   7.88   8.44   9.00   9.56  10.12  10.69  11.25  11.81  12.38  12.94  13.50  14.06  14.62  15.19  15.75  16.31  16.88  17.44  18.00 
  0.59   1.19   1.78   2.38   2.97   3.56   4.16   4.75   5.34   5.94   6.53   7.12   7.72   8.31   8.91   9.50  10.09  10.69  11.28  11.88  12.47  13.06  13.66  14.25  14.84  15.44  16.03  16.62  17.22  17.81  18.41  19.00 
  0.62   1.25   1.88   2.50   3.12   3.75   4.38   5.00   5.62   6.25   6.88   7.50   8.12   8.75   9.38  10.00  10.62  11.25  11.88  12.50  13.12  13.75  14.38  15.00  15.62  16.25  16.88  17.50  18.12  18.75  19.38  20.00 
  0.66   1.31   1.97   2.62   3.28   3.94   4.59   5.25   5.91   6.56   7.22   7.88   8.53   9.19   9.84  10.50  11.16  11.81  12.47  13.12  13.78  14.44  15.09  15.75  16.41  17.06  17.72  18.38  19.03  19.69  20.34  21.00 
  0.69   1.38   2.06   2.75   3.44   4.12   4.81   5.50   6.19   6.88   7.56   8.25   8.94   9.62  10.31  11.00  11.69  12.38  13.06  13.75  14.44  15.12  15.81  16.50  17.19  17.88  18.56  19.25  19.94  20.62  21.31  22.00 
  0.72   1.44   2.16   2.88   3.59   4.31   5.03   5.75   6.47   7.19   7.91   8.62   9.34  10.06  10.78  11.50  12.22  12.94  13.66  14.38  15.09  15.81  16.53  17.25  17.97  18.69  19.41  20.12  20.84  21.56  22.28  23.00 
  0.75   1.50   2.25   3.00   3.75   4.50   5.25   6.00   6.75   7.50   8.25   9.00   9.75  10.50  11.25  12.00  12.75  13.50  14.25  15.00  15.75  16.50  17.25  18.00  18.75  19.50  20.25  21.00  21.75  22.50  23.25  24.00 
  0.78   1.56   2.34   3.12   3.91   4.69   5.47   6.25   7.03   7.81   8.59   9.38  10.16  10.94  11.72  12.50  13.28  14.06  14.84  15.62  16.41  17.19  17.97  18.75  19.53  20.31  21.09  21.88  22.66  23.44  24.22  25.00 
  0.81   1.62   2.44   3.25   4.06   4.88   5.69   6.50   7.31   8.12   8.94   9.75  10.56  11.38  12.19  13.00  13.81  14.62  15.44  16.25  17.06  17.88  18.69  19.50  20.31  21.12  21.94  22.75  23.56  24.38  25.19  26.00 
  0.84   1.69   2.53   3.38   4.22   5.06   5.91   6.75   7.59   8.44   9.28  10.12  10.97  11.81  12.66  13.50  14.34  15.19  16.03  16.88  17.72  18.56  19.41  20.25  21.09  21.94  22.78  23.62  24.47  25.31  26.16  27.00 
  0.88   1.75   2.62   3.50   4.38   5.25   6.12   7.00   7.88   8.75   9.62  10.50  11.38  12.25  13.12  14.00  14.88  15.75  16.62  17.50  18.38  19.25  20.12  21.00  21.88  22.75  23.62  24.50  25.38  26.25  27.12  28.00 
  0.91   1.81   2.72   3.62   4.53   5.44   6.34   7.25   8.16   9.06   9.97  10.88  11.78  12.69  13.59  14.50  15.41  16.31  17.22  18.12  19.03  19.94  20.84  21.75  22.66  23.56  24.47  25.38  26.28  27.19  28.09  29.00 
  0.94   1.88   2.81   3.75   4.69   5.62   6.56   7.50   8.44   9.38  10.31  11.25  12.19  13.12  14.06  15.00  15.94  16.88  17.81  18.75  19.69  20.62  21.56  22.50  23.44  24.38  25.31  26.25  27.19  28.12  29.06  30.00 
  0.97   1.94   2.91   3.88   4.84   5.81   6.78   7.75   8.72   9.69  10.66  11.62  12.59  13.56  14.53  15.50  16.47  17.44  18.41  19.38  20.34  21.31  22.28  23.25  24.22  25.19  26.16  27.12  28.09  29.06  30.03  31.00 
  1.00   2.00   3.00   4.00   5.00   6.00   7.00   8.00   9.00  10.00  11.00  12.00  13.00  14.00  15.00  16.00  17.00  18.00  19.00  20.00  21.00  22.00  23.00  24.00  25.00  26.00  27.00  28.00  29.00  30.00  31.00  32.00 

Matrix B
  1.00   2.00   3.00   4.00   5.00   6.00   7.00   8.00   9.00  10.00  11.00  12.00  13.00  14.00  15.00  16.00  17.00  18.00  19.00  20.00  21.00  22.00  23.00  24.00  25.00  26.00  27.00  28.00  29.00  30.00  31.00  32.00 
  0.50   1.00   1.50   2.00   2.50   3.00   3.50   4.00   4.50   5.00   5.50   6.00   6.50   7.00   7.50   8.00   8.50   9.00   9.50  10.00  10.50  11.00  11.50  12.00  12.50  13.00  13.50  14.00  14.50  15.00  15.50  16.00 
  0.33   0.67   1.00   1.33   1.67   2.00   2.33   2.67   3.00   3.33   3.67   4.00   4.33   4.67   5.00   5.33   5.67   6.00   6.33   6.67   7.00   7.33   7.67   8.00   8.33   8.67   9.00   9.33   9.67  10.00  10.33  10.67 
  0.25   0.50   0.75   1.00   1.25   1.50   1.75   2.00   2.25   2.50   2.75   3.00   3.25   3.50   3.75   4.00   4.25   4.50   4.75   5.00   5.25   5.50   5.75   6.00   6.25   6.50   6.75   7.00   7.25   7.50   7.75   8.00 
  0.20   0.40   0.60   0.80   1.00   1.20   1.40   1.60   1.80   2.00   2.20   2.40   2.60   2.80   3.00   3.20   3.40   3.60   3.80   4.00   4.20   4.40   4.60   4.80   5.00   5.20   5.40   5.60   5.80   6.00   6.20   6.40 
  0.17   0.33   0.50   0.67   0.83   1.00   1.17   1.33   1.50   1.67   1.83   2.00   2.17   2.33   2.50   2.67   2.83   3.00   3.17   3.33   3.50   3.67   3.83   4.00   4.17   4.33   4.50   4.67   4.83   5.00   5.17   5.33 
  0.14   0.29   0.43   0.57   0.71   0.86   1.00   1.14   1.29   1.43   1.57   1.71   1.86   2.00   2.14   2.29   2.43   2.57   2.71   2.86   3.00   3.14   3.29   3.43   3.57   3.71   3.86   4.00   4.14   4.29   4.43   4.57 
  0.12   0.25   0.38   0.50   0.62   0.75   0.88   1.00   1.12   1.25   1.38   1.50   1.62   1.75   1.88   2.00   2.12   2.25   2.38   2.50   2.62   2.75   2.88   3.00   3.12   3.25   3.38   3.50   3.62   3.75   3.88   4.00 
  0.11   0.22   0.33   0.44   0.56   0.67   0.78   0.89   1.00   1.11   1.22   1.33   1.44   1.56   1.67   1.78   1.89   2.00   2.11   2.22   2.33   2.44   2.56   2.67   2.78   2.89   3.00   3.11   3.22   3.33   3.44   3.56 
  0.10   0.20   0.30   0.40   0.50   0.60   0.70   0.80   0.90   1.00   1.10   1.20   1.30   1.40   1.50   1.60   1.70   1.80   1.90   2.00   2.10   2.20   2.30   2.40   2.50   2.60   2.70   2.80   2.90   3.00   3.10   3.20 
  0.09   0.18   0.27   0.36   0.45   0.55   0.64   0.73   0.82   0.91   1.00   1.09   1.18   1.27   1.36   1.45   1.55   1.64   1.73   1.82   1.91   2.00   2.09   2.18   2.27   2.36   2.45   2.55   2.64   2.73   2.82   2.91 
  0.08   0.17   0.25   0.33   0.42   0.50   0.58   0.67   0.75   0.83   0.92   1.00   1.08   1.17   1.25   1.33   1.42   1.50   1.58   1.67   1.75   1.83   1.92   2.00   2.08   2.17   2.25   2.33   2.42   2.50   2.58   2.67 
  0.08   0.15   0.23   0.31   0.38   0.46   0.54   0.62   0.69   0.77   0.85   0.92   1.00   1.08   1.15   1.23   1.31   1.38   1.46   1.54   1.62   1.69   1.77   1.85   1.92   2.00   2.08   2.15   2.23   2.31   2.38   2.46 
  0.07   0.14   0.21   0.29   0.36   0.43   0.50   0.57   0.64   0.71   0.79   0.86   0.93   1.00   1.07   1.14   1.21   1.29   1.36   1.43   1.50   1.57   1.64   1.71   1.79   1.86   1.93   2.00   2.07   2.14   2.21   2.29 
  0.07   0.13   0.20   0.27   0.33   0.40   0.47   0.53   0.60   0.67   0.73   0.80   0.87   0.93   1.00   1.07   1.13   1.20   1.27   1.33   1.40   1.47   1.53   1.60   1.67   1.73   1.80   1.87   1.93   2.00   2.07   2.13 
  0.06   0.12   0.19   0.25   0.31   0.38   0.44   0.50   0.56   0.62   0.69   0.75   0.81   0.88   0.94   1.00   1.06   1.12   1.19   1.25   1.31   1.38   1.44   1.50   1.56   1.62   1.69   1.75   1.81   1.88   1.94   2.00 
  0.06   0.12   0.18   0.24   0.29   0.35   0.41   0.47   0.53   0.59   0.65   0.71   0.76   0.82   0.88   0.94   1.00   1.06   1.12   1.18   1.24   1.29   1.35   1.41   1.47   1.53   1.59   1.65   1.71   1.76   1.82   1.88 
  0.06   0.11   0.17   0.22   0.28   0.33   0.39   0.44   0.50   0.56   0.61   0.67   0.72   0.78   0.83   0.89   0.94   1.00   1.06   1.11   1.17   1.22   1.28   1.33   1.39   1.44   1.50   1.56   1.61   1.67   1.72   1.78 
  0.05   0.11   0.16   0.21   0.26   0.32   0.37   0.42   0.47   0.53   0.58   0.63   0.68   0.74   0.79   0.84   0.89   0.95   1.00   1.05   1.11   1.16   1.21   1.26   1.32   1.37   1.42   1.47   1.53   1.58   1.63   1.68 
  0.05   0.10   0.15   0.20   0.25   0.30   0.35   0.40   0.45   0.50   0.55   0.60   0.65   0.70   0.75   0.80   0.85   0.90   0.95   1.00   1.05   1.10   1.15   1.20   1.25   1.30   1.35   1.40   1.45   1.50   1.55   1.60 
  0.05   0.10   0.14   0.19   0.24   0.29   0.33   0.38   0.43   0.48   0.52   0.57   0.62   0.67   0.71   0.76   0.81   0.86   0.90   0.95   1.00   1.05   1.10   1.14   1.19   1.24   1.29   1.33   1.38   1.43   1.48   1.52 
  0.05   0.09   0.14   0.18   0.23   0.27   0.32   0.36   0.41   0.45   0.50   0.55   0.59   0.64   0.68   0.73   0.77   0.82   0.86   0.91   0.95   1.00   1.05   1.09   1.14   1.18   1.23   1.27   1.32   1.36   1.41   1.45 
  0.04   0.09   0.13   0.17   0.22   0.26   0.30   0.35   0.39   0.43   0.48   0.52   0.57   0.61   0.65   0.70   0.74   0.78   0.83   0.87   0.91   0.96   1.00   1.04   1.09   1.13   1.17   1.22   1.26   1.30   1.35   1.39 
  0.04   0.08   0.12   0.17   0.21   0.25   0.29   0.33   0.38   0.42   0.46   0.50   0.54   0.58   0.62   0.67   0.71   0.75   0.79   0.83   0.88   0.92   0.96   1.00   1.04   1.08   1.12   1.17   1.21   1.25   1.29   1.33 
  0.04   0.08   0.12   0.16   0.20   0.24   0.28   0.32   0.36   0.40   0.44   0.48   0.52   0.56   0.60   0.64   0.68   0.72   0.76   0.80   0.84   0.88   0.92   0.96   1.00   1.04   1.08   1.12   1.16   1.20   1.24   1.28 
  0.04   0.08   0.12   0.15   0.19   0.23   0.27   0.31   0.35   0.38   0.42   0.46   0.50   0.54   0.58   0.62   0.65   0.69   0.73   0.77   0.81   0.85   0.88   0.92   0.96   1.00   1.04   1.08   1.12   1.15   1.19   1.23 
  0.04   0.07   0.11   0.15   0.19   0.22   0.26   0.30   0.33   0.37   0.41   0.44   0.48   0.52   0.56   0.59   0.63   0.67   0.70   0.74   0.78   0.81   0.85   0.89   0.93   0.96   1.00   1.04   1.07   1.11   1.15   1.19 
  0.04   0.07   0.11   0.14   0.18   0.21   0.25   0.29   0.32   0.36   0.39   0.43   0.46   0.50   0.54   0.57   0.61   0.64   0.68   0.71   0.75   0.79   0.82   0.86   0.89   0.93   0.96   1.00   1.04   1.07   1.11   1.14 
  0.03   0.07   0.10   0.14   0.17   0.21   0.24   0.28   0.31   0.34   0.38   0.41   0.45   0.48   0.52   0.55   0.59   0.62   0.66   0.69   0.72   0.76   0.79   0.83   0.86   0.90   0.93   0.97   1.00   1.03   1.07   1.10 
  0.03   0.07   0.10   0.13   0.17   0.20   0.23   0.27   0.30   0.33   0.37   0.40   0.43   0.47   0.50   0.53   0.57   0.60   0.63   0.67   0.70   0.73   0.77   0.80   0.83   0.87   0.90   0.93   0.97   1.00   1.03   1.07 
  0.03   0.06   0.10   0.13   0.16   0.19   0.23   0.26   0.29   0.32   0.35   0.39   0.42   0.45   0.48   0.52   0.55   0.58   0.61   0.65   0.68   0.71   0.74   0.77   0.81   0.84   0.87   0.90   0.94   0.97   1.00   1.03 
  0.03   0.06   0.09   0.12   0.16   0.19   0.22   0.25   0.28   0.31   0.34   0.38   0.41   0.44   0.47   0.50   0.53   0.56   0.59   0.62   0.66   0.69   0.72   0.75   0.78   0.81   0.84   0.88   0.91   0.94   0.97   1.00 

Matrix C
  1.00   2.00   3.00   4.00   5.00   6.00   7.00   8.00   9.00  10.00  11.00  12.00  13.00  14.00  15.00  16.00  17.00  18.00  19.00  20.00  21.00  22.00  23.00  24.00  25.00  26.00  27.00  28.00  29.00  30.00  31.00  32.00 
  2.00   4.00   6.00   8.00  10.00  12.00  14.00  16.00  18.00  20.00  22.00  24.00  26.00  28.00  30.00  32.00  34.00  36.00  38.00  40.00  42.00  44.00  46.00  48.00  50.00  52.00  54.00  56.00  58.00  60.00  62.00  64.00 
  3.00   6.00   9.00  12.00  15.00  18.00  21.00  24.00  27.00  30.00  33.00  36.00  39.00  42.00  45.00  48.00  51.00  54.00  57.00  60.00  63.00  66.00  69.00  72.00  75.00  78.00  81.00  84.00  87.00  90.00  93.00  96.00 
  4.00   8.00  12.00  16.00  20.00  24.00  28.00  32.00  36.00  40.00  44.00  48.00  52.00  56.00  60.00  64.00  68.00  72.00  76.00  80.00  84.00  88.00  92.00  96.00 100.00 104.00 108.00 112.00 116.00 120.00 124.00 128.00 
  5.00  10.00  15.00  20.00  25.00  30.00  35.00  40.00  45.00  50.00  55.00  60.00  65.00  70.00  75.00  80.00  85.00  90.00  95.00 100.00 105.00 110.00 115.00 120.00 125.00 130.00 135.00 140.00 145.00 150.00 155.00 160.00 
  6.00  12.00  18.00  24.00  30.00  36.00  42.00  48.00  54.00  60.00  66.00  72.00  78.00  84.00  90.00  96.00 102.00 108.00 114.00 120.00 126.00 132.00 138.00 144.00 150.00 156.00 162.00 168.00 174.00 180.00 186.00 192.00 
  7.00  14.00  21.00  28.00  35.00  42.00  49.00  56.00  63.00  70.00  77.00  84.00  91.00  98.00 105.00 112.00 119.00 126.00 133.00 140.00 147.00 154.00 161.00 168.00 175.00 182.00 189.00 196.00 203.00 210.00 217.00 224.00 
  8.00  16.00  24.00  32.00  40.00  48.00  56.00  64.00  72.00  80.00  88.00  96.00 104.00 112.00 120.00 128.00 136.00 144.00 152.00 160.00 168.00 176.00 184.00 192.00 200.00 208.00 216.00 224.00 232.00 240.00 248.00 256.00 
  9.00  18.00  27.00  36.00  45.00  54.00  63.00  72.00  81.00  90.00  99.00 108.00 117.00 126.00 135.00 144.00 153.00 162.00 171.00 180.00 189.00 198.00 207.00 216.00 225.00 234.00 243.00 252.00 261.00 270.00 279.00 288.00 
 10.00  20.00  30.00  40.00  50.00  60.00  70.00  80.00  90.00 100.00 110.00 120.00 130.00 140.00 150.00 160.00 170.00 180.00 190.00 200.00 210.00 220.00 230.00 240.00 250.00 260.00 270.00 280.00 290.00 300.00 310.00 320.00 
 11.00  22.00  33.00  44.00  55.00  66.00  77.00  88.00  99.00 110.00 121.00 132.00 143.00 154.00 165.00 176.00 187.00 198.00 209.00 220.00 231.00 242.00 253.00 264.00 275.00 286.00 297.00 308.00 319.00 330.00 341.00 352.00 
 12.00  24.00  36.00  48.00  60.00  72.00  84.00  96.00 108.00 120.00 132.00 144.00 156.00 168.00 180.00 192.00 204.00 216.00 228.00 240.00 252.00 264.00 276.00 288.00 300.00 312.00 324.00 336.00 348.00 360.00 372.00 384.00 
 13.00  26.00  39.00  52.00  65.00  78.00  91.00 104.00 117.00 130.00 143.00 156.00 169.00 182.00 195.00 208.00 221.00 234.00 247.00 260.00 273.00 286.00 299.00 312.00 325.00 338.00 351.00 364.00 377.00 390.00 403.00 416.00 
 14.00  28.00  42.00  56.00  70.00  84.00  98.00 112.00 126.00 140.00 154.00 168.00 182.00 196.00 210.00 224.00 238.00 252.00 266.00 280.00 294.00 308.00 322.00 336.00 350.00 364.00 378.00 392.00 406.00 420.00 434.00 448.00 
 15.00  30.00  45.00  60.00  75.00  90.00 105.00 120.00 135.00 150.00 165.00 180.00 195.00 210.00 225.00 240.00 255.00 270.00 285.00 300.00 315.00 330.00 345.00 360.00 375.00 390.00 405.00 420.00 435.00 450.00 465.00 480.00 
 16.00  32.00  48.00  64.00  80.00  96.00 112.00 128.00 144.00 160.00 176.00 192.00 208.00 224.00 240.00 256.00 272.00 288.00 304.00 320.00 336.00 352.00 368.00 384.00 400.00 416.00 432.00 448.00 464.00 480.00 496.00 512.00 
 17.00  34.00  51.00  68.00  85.00 102.00 119.00 136.00 153.00 170.00 187.00 204.00 221.00 238.00 255.00 272.00 289.00 306.00 323.00 340.00 357.00 374.00 391.00 408.00 425.00 442.00 459.00 476.00 493.00 510.00 527.00 544.00 
 18.00  36.00  54.00  72.00  90.00 108.00 126.00 144.00 162.00 180.00 198.00 216.00 234.00 252.00 270.00 288.00 306.00 324.00 342.00 360.00 378.00 396.00 414.00 432.00 450.00 468.00 486.00 504.00 522.00 540.00 558.00 576.00 
 19.00  38.00  57.00  76.00  95.00 114.00 133.00 152.00 171.00 190.00 209.00 228.00 247.00 266.00 285.00 304.00 323.00 342.00 361.00 380.00 399.00 418.00 437.00 456.00 475.00 494.00 513.00 532.00 551.00 570.00 589.00 608.00 
 20.00  40.00  60.00  80.00 100.00 120.00 140.00 160.00 180.00 200.00 220.00 240.00 260.00 280.00 300.00 320.00 340.00 360.00 380.00 400.00 420.00 440.00 460.00 480.00 500.00 520.00 540.00 560.00 580.00 600.00 620.00 640.00 
 21.00  42.00  63.00  84.00 105.00 126.00 147.00 168.00 189.00 210.00 231.00 252.00 273.00 294.00 315.00 336.00 357.00 378.00 399.00 420.00 441.00 462.00 483.00 504.00 525.00 546.00 567.00 588.00 609.00 630.00 651.00 672.00 
 22.00  44.00  66.00  88.00 110.00 132.00 154.00 176.00 198.00 220.00 242.00 264.00 286.00 308.00 330.00 352.00 374.00 396.00 418.00 440.00 462.00 484.00 506.00 528.00 550.00 572.00 594.00 616.00 638.00 660.00 682.00 704.00 
 23.00  46.00  69.00  92.00 115.00 138.00 161.00 184.00 207.00 230.00 253.00 276.00 299.00 322.00 345.00 368.00 391.00 414.00 437.00 460.00 483.00 506.00 529.00 552.00 575.00 598.00 621.00 644.00 667.00 690.00 713.00 736.00 
 24.00  48.00  72.00  96.00 120.00 144.00 168.00 192.00 216.00 240.00 264.00 288.00 312.00 336.00 360.00 384.00 408.00 432.00 456.00 480.00 504.00 528.00 552.00 576.00 600.00 624.00 648.00 672.00 696.00 720.00 744.00 768.00 
 25.00  50.00  75.00 100.00 125.00 150.00 175.00 200.00 225.00 250.00 275.00 300.00 325.00 350.00 375.00 400.00 425.00 450.00 475.00 500.00 525.00 550.00 575.00 600.00 625.00 650.00 675.00 700.00 725.00 750.00 775.00 800.00 
 26.00  52.00  78.00 104.00 130.00 156.00 182.00 208.00 234.00 260.00 286.00 312.00 338.00 364.00 390.00 416.00 442.00 468.00 494.00 520.00 546.00 572.00 598.00 624.00 650.00 676.00 702.00 728.00 754.00 780.00 806.00 832.00 
 27.00  54.00  81.00 108.00 135.00 162.00 189.00 216.00 243.00 270.00 297.00 324.00 351.00 378.00 405.00 432.00 459.00 486.00 513.00 540.00 567.00 594.00 621.00 648.00 675.00 702.00 729.00 756.00 783.00 810.00 837.00 864.00 
 28.00  56.00  84.00 112.00 140.00 168.00 196.00 224.00 252.00 280.00 308.00 336.00 364.00 392.00 420.00 448.00 476.00 504.00 532.00 560.00 588.00 616.00 644.00 672.00 700.00 728.00 756.00 784.00 812.00 840.00 868.00 896.00 
 29.00  58.00  87.00 116.00 145.00 174.00 203.00 232.00 261.00 290.00 319.00 348.00 377.00 406.00 435.00 464.00 493.00 522.00 551.00 580.00 609.00 638.00 667.00 696.00 725.00 754.00 783.00 812.00 841.00 870.00 899.00 928.00 
 30.00  60.00  90.00 120.00 150.00 180.00 210.00 240.00 270.00 300.00 330.00 360.00 390.00 420.00 450.00 480.00 510.00 540.00 570.00 600.00 630.00 660.00 690.00 720.00 750.00 780.00 810.00 840.00 870.00 900.00 930.00 960.00 
 31.00  62.00  93.00 124.00 155.00 186.00 217.00 248.00 279.00 310.00 341.00 372.00 403.00 434.00 465.00 496.00 527.00 558.00 589.00 620.00 651.00 682.00 713.00 744.00 775.00 806.00 837.00 868.00 899.00 930.00 961.00 992.00 
 32.00  64.00  96.00 128.00 160.00 192.00 224.00 256.00 288.00 320.00 352.00 384.00 416.00 448.00 480.00 512.00 544.00 576.00 608.00 640.00 672.00 704.00 736.00 768.00 800.00 832.00 864.00 896.00 928.00 960.00 992.00 1024.00 

Time Results
Total Execution Time:	9.698600e-02

