CUDA initialized.

Matrix A
  0.05   0.09   0.14   0.18   0.23   0.27   0.32   0.36   0.41   0.45   0.50   0.55   0.59   0.64   0.68   0.73   0.77   0.82   0.86   0.91   0.95   1.00 
  0.09   0.18   0.27   0.36   0.45   0.55   0.64   0.73   0.82   0.91   1.00   1.09   1.18   1.27   1.36   1.45   1.55   1.64   1.73   1.82   1.91   2.00 
  0.14   0.27   0.41   0.55   0.68   0.82   0.95   1.09   1.23   1.36   1.50   1.64   1.77   1.91   2.05   2.18   2.32   2.45   2.59   2.73   2.86   3.00 
  0.18   0.36   0.55   0.73   0.91   1.09   1.27   1.45   1.64   1.82   2.00   2.18   2.36   2.55   2.73   2.91   3.09   3.27   3.45   3.64   3.82   4.00 
  0.23   0.45   0.68   0.91   1.14   1.36   1.59   1.82   2.05   2.27   2.50   2.73   2.95   3.18   3.41   3.64   3.86   4.09   4.32   4.55   4.77   5.00 
  0.27   0.55   0.82   1.09   1.36   1.64   1.91   2.18   2.45   2.73   3.00   3.27   3.55   3.82   4.09   4.36   4.64   4.91   5.18   5.45   5.73   6.00 
  0.32   0.64   0.95   1.27   1.59   1.91   2.23   2.55   2.86   3.18   3.50   3.82   4.14   4.45   4.77   5.09   5.41   5.73   6.05   6.36   6.68   7.00 
  0.36   0.73   1.09   1.45   1.82   2.18   2.55   2.91   3.27   3.64   4.00   4.36   4.73   5.09   5.45   5.82   6.18   6.55   6.91   7.27   7.64   8.00 
  0.41   0.82   1.23   1.64   2.05   2.45   2.86   3.27   3.68   4.09   4.50   4.91   5.32   5.73   6.14   6.55   6.95   7.36   7.77   8.18   8.59   9.00 
  0.45   0.91   1.36   1.82   2.27   2.73   3.18   3.64   4.09   4.55   5.00   5.45   5.91   6.36   6.82   7.27   7.73   8.18   8.64   9.09   9.55  10.00 
  0.50   1.00   1.50   2.00   2.50   3.00   3.50   4.00   4.50   5.00   5.50   6.00   6.50   7.00   7.50   8.00   8.50   9.00   9.50  10.00  10.50  11.00 
  0.55   1.09   1.64   2.18   2.73   3.27   3.82   4.36   4.91   5.45   6.00   6.55   7.09   7.64   8.18   8.73   9.27   9.82  10.36  10.91  11.45  12.00 
  0.59   1.18   1.77   2.36   2.95   3.55   4.14   4.73   5.32   5.91   6.50   7.09   7.68   8.27   8.86   9.45  10.05  10.64  11.23  11.82  12.41  13.00 
  0.64   1.27   1.91   2.55   3.18   3.82   4.45   5.09   5.73   6.36   7.00   7.64   8.27   8.91   9.55  10.18  10.82  11.45  12.09  12.73  13.36  14.00 
  0.68   1.36   2.05   2.73   3.41   4.09   4.77   5.45   6.14   6.82   7.50   8.18   8.86   9.55  10.23  10.91  11.59  12.27  12.95  13.64  14.32  15.00 
  0.73   1.45   2.18   2.91   3.64   4.36   5.09   5.82   6.55   7.27   8.00   8.73   9.45  10.18  10.91  11.64  12.36  13.09  13.82  14.55  15.27  16.00 
  0.77   1.55   2.32   3.09   3.86   4.64   5.41   6.18   6.95   7.73   8.50   9.27  10.05  10.82  11.59  12.36  13.14  13.91  14.68  15.45  16.23  17.00 
  0.82   1.64   2.45   3.27   4.09   4.91   5.73   6.55   7.36   8.18   9.00   9.82  10.64  11.45  12.27  13.09  13.91  14.73  15.55  16.36  17.18  18.00 
  0.86   1.73   2.59   3.45   4.32   5.18   6.05   6.91   7.77   8.64   9.50  10.36  11.23  12.09  12.95  13.82  14.68  15.55  16.41  17.27  18.14  19.00 
  0.91   1.82   2.73   3.64   4.55   5.45   6.36   7.27   8.18   9.09  10.00  10.91  11.82  12.73  13.64  14.55  15.45  16.36  17.27  18.18  19.09  20.00 
  0.95   1.91   2.86   3.82   4.77   5.73   6.68   7.64   8.59   9.55  10.50  11.45  12.41  13.36  14.32  15.27  16.23  17.18  18.14  19.09  20.05  21.00 
  1.00   2.00   3.00   4.00   5.00   6.00   7.00   8.00   9.00  10.00  11.00  12.00  13.00  14.00  15.00  16.00  17.00  18.00  19.00  20.00  21.00  22.00 

Matrix B
  1.00   2.00   3.00   4.00   5.00   6.00   7.00   8.00   9.00  10.00  11.00  12.00  13.00  14.00  15.00  16.00  17.00  18.00  19.00  20.00  21.00  22.00 
  0.50   1.00   1.50   2.00   2.50   3.00   3.50   4.00   4.50   5.00   5.50   6.00   6.50   7.00   7.50   8.00   8.50   9.00   9.50  10.00  10.50  11.00 
  0.33   0.67   1.00   1.33   1.67   2.00   2.33   2.67   3.00   3.33   3.67   4.00   4.33   4.67   5.00   5.33   5.67   6.00   6.33   6.67   7.00   7.33 
  0.25   0.50   0.75   1.00   1.25   1.50   1.75   2.00   2.25   2.50   2.75   3.00   3.25   3.50   3.75   4.00   4.25   4.50   4.75   5.00   5.25   5.50 
  0.20   0.40   0.60   0.80   1.00   1.20   1.40   1.60   1.80   2.00   2.20   2.40   2.60   2.80   3.00   3.20   3.40   3.60   3.80   4.00   4.20   4.40 
  0.17   0.33   0.50   0.67   0.83   1.00   1.17   1.33   1.50   1.67   1.83   2.00   2.17   2.33   2.50   2.67   2.83   3.00   3.17   3.33   3.50   3.67 
  0.14   0.29   0.43   0.57   0.71   0.86   1.00   1.14   1.29   1.43   1.57   1.71   1.86   2.00   2.14   2.29   2.43   2.57   2.71   2.86   3.00   3.14 
  0.12   0.25   0.38   0.50   0.62   0.75   0.88   1.00   1.12   1.25   1.38   1.50   1.62   1.75   1.88   2.00   2.12   2.25   2.38   2.50   2.62   2.75 
  0.11   0.22   0.33   0.44   0.56   0.67   0.78   0.89   1.00   1.11   1.22   1.33   1.44   1.56   1.67   1.78   1.89   2.00   2.11   2.22   2.33   2.44 
  0.10   0.20   0.30   0.40   0.50   0.60   0.70   0.80   0.90   1.00   1.10   1.20   1.30   1.40   1.50   1.60   1.70   1.80   1.90   2.00   2.10   2.20 
  0.09   0.18   0.27   0.36   0.45   0.55   0.64   0.73   0.82   0.91   1.00   1.09   1.18   1.27   1.36   1.45   1.55   1.64   1.73   1.82   1.91   2.00 
  0.08   0.17   0.25   0.33   0.42   0.50   0.58   0.67   0.75   0.83   0.92   1.00   1.08   1.17   1.25   1.33   1.42   1.50   1.58   1.67   1.75   1.83 
  0.08   0.15   0.23   0.31   0.38   0.46   0.54   0.62   0.69   0.77   0.85   0.92   1.00   1.08   1.15   1.23   1.31   1.38   1.46   1.54   1.62   1.69 
  0.07   0.14   0.21   0.29   0.36   0.43   0.50   0.57   0.64   0.71   0.79   0.86   0.93   1.00   1.07   1.14   1.21   1.29   1.36   1.43   1.50   1.57 
  0.07   0.13   0.20   0.27   0.33   0.40   0.47   0.53   0.60   0.67   0.73   0.80   0.87   0.93   1.00   1.07   1.13   1.20   1.27   1.33   1.40   1.47 
  0.06   0.12   0.19   0.25   0.31   0.38   0.44   0.50   0.56   0.62   0.69   0.75   0.81   0.88   0.94   1.00   1.06   1.12   1.19   1.25   1.31   1.38 
  0.06   0.12   0.18   0.24   0.29   0.35   0.41   0.47   0.53   0.59   0.65   0.71   0.76   0.82   0.88   0.94   1.00   1.06   1.12   1.18   1.24   1.29 
  0.06   0.11   0.17   0.22   0.28   0.33   0.39   0.44   0.50   0.56   0.61   0.67   0.72   0.78   0.83   0.89   0.94   1.00   1.06   1.11   1.17   1.22 
  0.05   0.11   0.16   0.21   0.26   0.32   0.37   0.42   0.47   0.53   0.58   0.63   0.68   0.74   0.79   0.84   0.89   0.95   1.00   1.05   1.11   1.16 
  0.05   0.10   0.15   0.20   0.25   0.30   0.35   0.40   0.45   0.50   0.55   0.60   0.65   0.70   0.75   0.80   0.85   0.90   0.95   1.00   1.05   1.10 
  0.05   0.10   0.14   0.19   0.24   0.29   0.33   0.38   0.43   0.48   0.52   0.57   0.62   0.67   0.71   0.76   0.81   0.86   0.90   0.95   1.00   1.05 
  0.05   0.09   0.14   0.18   0.23   0.27   0.32   0.36   0.41   0.45   0.50   0.55   0.59   0.64   0.68   0.73   0.77   0.82   0.86   0.91   0.95   1.00 

Matrix C
  1.00   2.00   3.00   4.00   5.00   6.00   7.00   8.00   9.00  10.00  11.00  12.00  13.00  14.00  15.00  16.00  17.00  18.00  19.00  20.00  21.00  22.00 
  2.00   4.00   6.00   8.00  10.00  12.00  14.00  16.00  18.00  20.00  22.00  24.00  26.00  28.00  30.00  32.00  34.00  36.00  38.00  40.00  42.00  44.00 
  3.00   6.00   9.00  12.00  15.00  18.00  21.00  24.00  27.00  30.00  33.00  36.00  39.00  42.00  45.00  48.00  51.00  54.00  57.00  60.00  63.00  66.00 
  4.00   8.00  12.00  16.00  20.00  24.00  28.00  32.00  36.00  40.00  44.00  48.00  52.00  56.00  60.00  64.00  68.00  72.00  76.00  80.00  84.00  88.00 
  5.00  10.00  15.00  20.00  25.00  30.00  35.00  40.00  45.00  50.00  55.00  60.00  65.00  70.00  75.00  80.00  85.00  90.00  95.00 100.00 105.00 110.00 
  6.00  12.00  18.00  24.00  30.00  36.00  42.00  48.00  54.00  60.00  66.00  72.00  78.00  84.00  90.00  96.00 102.00 108.00 114.00 120.00 126.00 132.00 
  7.00  14.00  21.00  28.00  35.00  42.00  49.00  56.00  63.00  70.00  77.00  84.00  91.00  98.00 105.00 112.00 119.00 126.00 133.00 140.00 147.00 154.00 
  8.00  16.00  24.00  32.00  40.00  48.00  56.00  64.00  72.00  80.00  88.00  96.00 104.00 112.00 120.00 128.00 136.00 144.00 152.00 160.00 168.00 176.00 
  9.00  18.00  27.00  36.00  45.00  54.00  63.00  72.00  81.00  90.00  99.00 108.00 117.00 126.00 135.00 144.00 153.00 162.00 171.00 180.00 189.00 198.00 
 10.00  20.00  30.00  40.00  50.00  60.00  70.00  80.00  90.00 100.00 110.00 120.00 130.00 140.00 150.00 160.00 170.00 180.00 190.00 200.00 210.00 220.00 
 11.00  22.00  33.00  44.00  55.00  66.00  77.00  88.00  99.00 110.00 121.00 132.00 143.00 154.00 165.00 176.00 187.00 198.00 209.00 220.00 231.00 242.00 
 12.00  24.00  36.00  48.00  60.00  72.00  84.00  96.00 108.00 120.00 132.00 144.00 156.00 168.00 180.00 192.00 204.00 216.00 228.00 240.00 252.00 264.00 
 13.00  26.00  39.00  52.00  65.00  78.00  91.00 104.00 117.00 130.00 143.00 156.00 169.00 182.00 195.00 208.00 221.00 234.00 247.00 260.00 273.00 286.00 
 14.00  28.00  42.00  56.00  70.00  84.00  98.00 112.00 126.00 140.00 154.00 168.00 182.00 196.00 210.00 224.00 238.00 252.00 266.00 280.00 294.00 308.00 
 15.00  30.00  45.00  60.00  75.00  90.00 105.00 120.00 135.00 150.00 165.00 180.00 195.00 210.00 225.00 240.00 255.00 270.00 285.00 300.00 315.00 330.00 
 16.00  32.00  48.00  64.00  80.00  96.00 112.00 128.00 144.00 160.00 176.00 192.00 208.00 224.00 240.00 256.00 272.00 288.00 304.00 320.00 336.00 352.00 
 17.00  34.00  51.00  68.00  85.00 102.00 119.00 136.00 153.00 170.00 187.00 204.00 221.00 238.00 255.00 272.00 289.00 306.00 323.00 340.00 357.00 374.00 
 18.00  36.00  54.00  72.00  90.00 108.00 126.00 144.00 162.00 180.00 198.00 216.00 234.00 252.00 270.00 288.00 306.00 324.00 342.00 360.00 378.00 396.00 
 19.00  38.00  57.00  76.00  95.00 114.00 133.00 152.00 171.00 190.00 209.00 228.00 247.00 266.00 285.00 304.00 323.00 342.00 361.00 380.00 399.00 418.00 
 20.00  40.00  60.00  80.00 100.00 120.00 140.00 160.00 180.00 200.00 220.00 240.00 260.00 280.00 300.00 320.00 340.00 360.00 380.00 400.00 420.00 440.00 
 21.00  42.00  63.00  84.00 105.00 126.00 147.00 168.00 189.00 210.00 231.00 252.00 273.00 294.00 315.00 336.00 357.00 378.00 399.00 420.00 441.00 462.00 
 22.00  44.00  66.00  88.00 110.00 132.00 154.00 176.00 198.00 220.00 242.00 264.00 286.00 308.00 330.00 352.00 374.00 396.00 418.00 440.00 462.00 484.00 

Time Results
Total Execution Time:	9.244400e-02


Matrix C
  1.00   2.00   3.00   4.00   5.00   6.00   7.00   8.00   9.00  10.00  11.00  12.00  13.00  14.00  15.00  16.00  17.00  18.00  19.00  20.00  21.00  22.00 
  2.00   4.00   6.00   8.00  10.00  12.00  14.00  16.00  18.00  20.00  22.00  24.00  26.00  28.00  30.00  32.00  34.00  36.00  38.00  40.00  42.00  44.00 
  3.00   6.00   9.00  12.00  15.00  18.00  21.00  24.00  27.00  30.00  33.00  36.00  39.00  42.00  45.00  48.00  51.00  54.00  57.00  60.00  63.00  66.00 
  4.00   8.00  12.00  16.00  20.00  24.00  28.00  32.00  36.00  40.00  44.00  48.00  52.00  56.00  60.00  64.00  68.00  72.00  76.00  80.00  84.00  88.00 
  5.00  10.00  15.00  20.00  25.00  30.00  35.00  40.00  45.00  50.00  55.00  60.00  65.00  70.00  75.00  80.00  85.00  90.00  95.00 100.00 105.00 110.00 
  6.00  12.00  18.00  24.00  30.00  36.00  42.00  48.00  54.00  60.00  66.00  72.00  78.00  84.00  90.00  96.00 102.00 108.00 114.00 120.00 126.00 132.00 
  7.00  14.00  21.00  28.00  35.00  42.00  49.00  56.00  63.00  70.00  77.00  84.00  91.00  98.00 105.00 112.00 119.00 126.00 133.00 140.00 147.00 154.00 
  8.00  16.00  24.00  32.00  40.00  48.00  56.00  64.00  72.00  80.00  88.00  96.00 104.00 112.00 120.00 128.00 136.00 144.00 152.00 160.00 168.00 176.00 
  9.00  18.00  27.00  36.00  45.00  54.00  63.00  72.00  81.00  90.00  99.00 108.00 117.00 126.00 135.00 144.00 153.00 162.00 171.00 180.00 189.00 198.00 
 10.00  20.00  30.00  40.00  50.00  60.00  70.00  80.00  90.00 100.00 110.00 120.00 130.00 140.00 150.00 160.00 170.00 180.00 190.00 200.00 210.00 220.00 
 11.00  22.00  33.00  44.00  55.00  66.00  77.00  88.00  99.00 110.00 121.00 132.00 143.00 154.00 165.00 176.00 187.00 198.00 209.00 220.00 231.00 242.00 
 12.00  24.00  36.00  48.00  60.00  72.00  84.00  96.00 108.00 120.00 132.00 144.00 156.00 168.00 180.00 192.00 204.00 216.00 228.00 240.00 252.00 264.00 
 13.00  26.00  39.00  52.00  65.00  78.00  91.00 104.00 117.00 130.00 143.00 156.00 169.00 182.00 195.00 208.00 221.00 234.00 247.00 260.00 273.00 286.00 
 14.00  28.00  42.00  56.00  70.00  84.00  98.00 112.00 126.00 140.00 154.00 168.00 182.00 196.00 210.00 224.00 238.00 252.00 266.00 280.00 294.00 308.00 
 15.00  30.00  45.00  60.00  75.00  90.00 105.00 120.00 135.00 150.00 165.00 180.00 195.00 210.00 225.00 240.00 255.00 270.00 285.00 300.00 315.00 330.00 
 16.00  32.00  48.00  64.00  80.00  96.00 112.00 128.00 144.00 160.00 176.00 192.00 208.00 224.00 240.00 256.00 272.00 288.00 304.00 320.00 336.00 352.00 
 17.00  34.00  51.00  68.00  85.00 102.00 119.00 136.00 153.00 170.00 187.00 204.00 221.00 238.00 255.00 272.00 289.00 306.00 323.00 340.00 357.00 374.00 
 18.00  36.00  54.00  72.00  90.00 108.00 126.00 144.00 162.00 180.00 198.00 216.00 234.00 252.00 270.00 288.00 306.00 324.00 342.00 360.00 378.00 396.00 
 19.00  38.00  57.00  76.00  95.00 114.00 133.00 152.00 171.00 190.00 209.00 228.00 247.00 266.00 285.00 304.00 323.00 342.00 361.00 380.00 399.00 418.00 
 20.00  40.00  60.00  80.00 100.00 120.00 140.00 160.00 180.00 200.00 220.00 240.00 260.00 280.00 300.00 320.00 340.00 360.00 380.00 400.00 420.00 440.00 
 21.00  42.00  63.00  84.00 105.00 126.00 147.00 168.00 189.00 210.00 231.00 252.00 273.00 294.00 315.00 336.00 357.00 378.00 399.00 420.00 441.00 462.00 
 22.00  44.00  66.00  88.00 110.00 132.00 154.00 176.00 198.00 220.00 242.00 264.00 286.00 308.00 330.00 352.00 374.00 396.00 418.00 440.00 462.00 484.00 
Total Execution Time:	7.400000e-05
Setup Time:	2.900000e-05
Multiplication Time:	3.600000e-05
error = 0.000000
